2.62906
2.63777
2.63997
2.64627
2.64236
2.64796
2.66201
2.66702
2.67490
2.68225
2.69557
2.69894
2.71138
2.54521
2.37054
2.22490
2.09407
1.97377
1.86368
1.77621
1.68756
1.61788
1.54307
1.48231
1.42600
1.36393
1.32112
1.28334
1.23673
1.20012
1.15722
1.12914
1.08881
1.06568
1.03559
1.02141
0.99359
0.96429
0.94526
0.92643
0.90798
0.88460
0.86489
0.85282
0.82981
0.82525
0.80819
0.79394
0.78017
0.76464
0.76009
0.74611
0.73576
0.72977
0.71226
0.70939
0.69605
0.69089
0.68528
0.67861
0.67618
0.66879
0.66080
0.65196
0.65314
0.64774
0.64589
0.63563
0.62210
0.62114
0.62542
0.61792
0.61226
0.60990
0.60759
0.60847
0.60544
0.60108
0.59915
0.58886
0.59090
0.58981
0.59627
0.59071
0.58158
0.58759
0.58124
0.59103
0.59520
0.57922
0.58351
0.57529
0.58153
0.59215
0.58758
0.58028
0.58892
0.58562
0.60011
0.60111
0.59283
0.60027
0.60295
0.59835
0.60351
0.60531
0.60894
0.61726
0.60997
0.61712
0.62369
0.62758
0.63234
0.63646
0.63612
0.64938
0.65191
0.65619
0.67873
0.67135
0.68511
0.68081
0.69899
0.70384
0.71424
0.72439
0.72103
0.73761
0.74404
0.75790
0.76713
0.78679
0.79939
0.80325
0.82300
0.83736
0.85881
0.87452
0.87628
0.90497
0.91290
0.94139
0.94502
0.94072
0.92648
0.91426
0.90719
0.88986
0.87585
0.87247
0.87209
0.85524
0.85218
0.84476
0.83831
0.83128
0.82127
0.82031
0.81569
0.81497
0.80269
0.79929
0.79949
0.79092
0.78803
0.77212
0.78156
0.77115
0.77153
0.76418
0.76142
0.76312
0.76754
0.76365
0.76401
0.75947
0.76607
0.75795
0.75460
0.75431
0.76092
0.76619
0.76297
0.76064
0.77068
0.76521
0.75992
0.76738
0.77327
0.77153
0.79141
0.78096
0.78981
0.78418
0.78372
0.78745
0.79784
0.80171
0.80786
0.81328
0.80907
0.82053
0.83365
0.82830
0.83932
0.84939
0.85868
0.86419
0.87501
0.87996
0.88766
0.89363
0.91065
0.92065
0.94029
0.94644
0.96086
0.97711
0.98589
0.99557
1.01620
1.03028
1.04697
1.07007
1.08959
1.10345
1.13530
1.15512
1.17076
1.19352
1.22949
1.25623
1.28723
1.31869
1.34650
1.38647
1.41458
1.45136
1.50121
1.55745
1.60736
1.65304
1.71823
1.77891
1.84491
1.92054
2.00487
2.09159
2.19542
2.29691
2.33652
2.32705
2.30756
2.30424
2.28771
2.27778
2.26199
2.26203
2.24819
2.24668
2.23807
2.22558
2.22002
2.21157
2.21959
2.20990
2.20852
2.20810
2.21088
2.20548
2.20077
2.20971
2.20953
2.21526
2.21650
2.21037
2.22279
2.21787
2.22966
2.24490
2.25384
2.26843
2.11682
1.96457
1.83253
1.72488
1.61942
1.53635
1.45909
1.38851
1.31731
1.26282
1.20590
1.21083
1.21622
1.23226
1.24139
1.24881
1.26822
2.52904
2.56220
2.58247
2.61914
2.63568
2.67575
2.70503
2.73911
2.78175
2.81200
2.85173
inf
inf
inf
inf
inf
inf
inf
inf
3.44384
3.40457
3.35693
3.29856
3.26351
3.22564
3.17799
3.15561
3.10651
3.07962
3.05433
3.02199
2.99318
2.96983
2.93906
1.94447
1.88656
1.87862
1.84903
1.84628
1.83961
1.83118
1.84145
1.85439
1.87551
1.90014
1.93454
2.05326
2.70164
2.68927
2.68315
2.67391
2.66084
2.66033
2.64739
2.64805
2.65353
2.63479
2.63661
2.63409
2.64430
2.64389
