2.43
2.47
2.48
2.51
2.53
2.57
2.59
2.64
2.67
2.70
2.72
2.75
2.81
2.87
2.91
2.93
2.99
3.05
3.10
3.15
3.20
3.26
3.34
3.42
3.48
3.46
3.41
3.36
3.32
3.29
3.24
3.23
3.18
3.16
3.13
3.11
3.09
3.04
3.02
3.00
2.99
2.95
2.95
2.93
1.45
1.43
1.45
1.42
1.42
1.40
1.41
1.41
1.39
1.41
1.40
1.39
1.38
1.36
1.37
1.37
1.38
1.37
1.39
1.36
1.35
1.40
1.38
1.37
1.12
1.05
1.03
0.99
0.98
0.97
0.95
0.92
0.93
0.92
0.92
0.92
0.91
0.92
0.93
0.92
0.92
0.92
0.92
0.93
0.95
0.95
0.96
0.98
1.01
1.03
1.06
1.16
1.11
1.07
1.04
1.02
1.02
1.00
0.96
0.96
0.92
0.92
0.90
0.89
0.86
0.85
0.83
0.82
0.82
0.80
0.77
0.77
0.76
0.77
0.74
0.74
0.74
0.72
0.71
0.71
0.70
0.71
0.70
0.67
0.66
0.67
0.67
0.67
0.67
0.65
0.64
0.64
0.64
0.64
0.64
0.64
0.62
0.63
0.61
0.68
0.74
1.47
1.46
1.46
1.46
1.47
1.46
1.45
1.45
1.45
1.46
1.46
1.45
1.46
1.46
1.47
1.47
1.49
1.47
1.48
1.50
1.48
1.51
1.49
1.51
1.52
1.52
1.56
1.55
1.56
1.56
1.51
1.47
1.41
1.35
1.33
1.27
1.25
1.20
1.16
1.14
1.11
1.10
1.04
1.04
1.01
0.98
0.96
0.94
0.92
0.92
0.90
0.87
0.85
0.83
0.83
0.82
0.79
0.81
0.80
0.80
0.78
0.76
0.73
0.74
0.73
0.72
0.73
0.71
0.68
0.68
0.68
0.67
0.69
0.67
0.67
0.66
0.66
0.65
0.64
0.66
0.65
0.64
0.64
0.65
0.63
0.62
0.63
0.64
0.62
0.61
0.61
0.62
0.61
0.63
0.62
0.62
0.63
0.62
0.63
0.62
0.62
0.63
0.63
0.61
0.61
0.63
0.62
0.65
0.65
0.66
0.64
0.64
0.65
0.65
0.65
0.65
0.66
0.66
0.66
0.68
0.68
0.67
0.68
0.70
0.71
0.70
0.71
0.71
0.74
0.75
0.75
0.77
0.76
0.77
0.79
0.79
0.82
0.83
0.83
0.85
0.88
0.88
0.89
0.93
0.93
0.96
0.97
1.00
1.01
1.03
1.06
1.10
1.13
1.16
1.20
1.23
1.25
1.31
1.34
1.38
1.43
1.49
1.54
1.60
1.68
1.76
1.85
1.94
2.05
2.17
2.26
2.26
2.23
2.22
2.22
0.74
0.72
0.69
0.69
0.67
0.66
0.64
0.63
0.65
0.62
0.63
0.62
0.62
0.61
0.63
0.64
0.60
0.60
0.62
0.63
0.63
0.63
0.62
0.63
0.65
0.63
0.66
0.69
0.70
0.71
0.73
0.78
2.31
2.32
2.34
2.34
2.36
2.40
2.42
2.42
